0,392
0,391
31,3
31,2
31,1
31,0
0,390
0,389
30,5
0,388
0,387
0,386
30,4
30,3
30,2
30,1
30,0
0,385
0,384
29,4
29,3
29,2
29,1
29,0
0,319
0,318
28,3
28,2
28,1
28,0
0,317
0,316
27,4
27,3
27,2
0,283
0,243
27,1
27,0
26,3
26,2
0,9
26,1
26,0
25,52
25,51
25,50
25,49
25,48
25,47
25,46
25,45
25,44
25,43
25,42
25,41
25,40
25,39
25,38
25,37
25,36
25,35
10,163
10,281
10,173
10,185
10,109
10,269
10,2
10,3
9,5
9,1
9,7
9,2
9,3
8,4
8,5
8,10
8,18
8,9
8,15
8,1
8,7
8,2
8,3
19,2
19,1
19,3
18,1
18,3
14,1
14,3
13,1
13,3
